0.26 -0.008873641307191593
0.27 -0.008191991545318134
0.28 -0.0075200241347724295
0.29000000000000004 -0.006222667425339612
0.30000000000000004 -0.0055692550545332065
0.31000000000000005 -0.004454080529510129
0.32000000000000006 -0.0037679646812789347
0.33000000000000007 -0.002793954669801646
0.3400000000000001 -0.0020239542978917058
0.3500000000000001 -0.001161031076740482
0.3600000000000001 -0.0002492578942908108
0.3700000000000001 0.0005250137255985443
0.3800000000000001 0.0012157142915827923
0.3900000000000001 0.002353626100266182
0.40000000000000013 0.0029814543275487604
