0.1 -0.03759539961851743
0.11 -0.038572669631669665
0.12 -0.03721862638705509
0.13 -0.039038627619267297
0.13999999999999999 -0.037496942195984706
0.14999999999999997 -0.03916949004796588
0.15999999999999998 -0.0391544423631669
0.16999999999999998 -0.03986037311496238
0.17999999999999997 -0.038131940884658544
0.18999999999999995 -0.04016230364455903
0.19999999999999996 -0.9961703025207476
0.20999999999999996 -0.03800045146291736
0.21999999999999995 -0.8916913545541163
0.22999999999999995 -0.8044137449474771
0.23999999999999994 -0.8027548295093431
0.24999999999999992 inf
0.2599999999999999 inf
0.2699999999999999 -0.039034423170057175
0.2799999999999999 inf
0.2899999999999999 inf
0.29999999999999993 -0.5537688352098724
0.30999999999999994 inf
0.3199999999999999 inf
0.32999999999999985 inf
0.33999999999999986 -0.13956050907031936
0.34999999999999987 inf
0.3599999999999999 inf
0.3699999999999999 inf
0.3799999999999999 -0.45923193527373535
0.3899999999999999 inf
0.3999999999999998 inf
0.4099999999999998 inf
0.4199999999999998 inf
0.4299999999999998 -0.020333494503115335
0.43999999999999984 inf
0.44999999999999984 inf
0.45999999999999985 inf
0.46999999999999986 inf
0.47999999999999976 inf
0.48999999999999977 inf
0.4999999999999998 inf
0.5099999999999998 inf
0.5199999999999998 inf
0.5299999999999998 inf
0.5399999999999998 inf
0.5499999999999998 inf
0.5599999999999997 inf
0.5699999999999997 inf
0.5799999999999997 inf
0.5899999999999997 inf
0.5999999999999998 inf
0.6099999999999998 inf
0.6199999999999998 -0.08395604176840082
0.6299999999999997 inf
0.6399999999999997 inf
0.6499999999999997 inf
0.6599999999999997 inf
0.6699999999999997 inf
0.6799999999999997 0.1340793894112512
0.6899999999999997 inf
