0.1 -1.3902453643154198
0.11 -1.4215644651102748
0.12 -1.4294217897693482
0.13 -1.4191123407983302
0.13999999999999999 -1.3746906093537579
0.14999999999999997 -1.3223563156176912
0.15999999999999998 -1.2466926252248332
0.16999999999999998 -1.2878517710213488
0.17999999999999997 -1.320218814043094
0.18999999999999995 -1.3577811020856068
0.19999999999999996 -1.3890064922610987
0.20999999999999996 -1.3932945057798838
0.21999999999999995 -1.4076094949281934
0.22999999999999995 -1.4135416133318541
0.23999999999999994 -1.4102785839530236
0.24999999999999992 -1.4328709042972472
0.2599999999999999 -1.4144005062334566
0.2699999999999999 -1.384437331102971
0.2799999999999999 -1.3413188266368268
0.2899999999999999 -1.3439447909286724
0.29999999999999993 -1.2805170644978476
0.30999999999999994 -1.2733575581901322
0.3199999999999999 -1.1867208160633709
0.32999999999999985 -1.1700323664414647
0.33999999999999986 -1.0560729809984357
0.34999999999999987 -1.0301582456405525
0.3599999999999999 -0.8828072877627227
0.3699999999999999 -0.8479696624146653
0.3799999999999999 -0.8087712582451809
0.3899999999999999 -0.614454487040951
0.3999999999999998 -0.5666822679007595
0.4099999999999998 -0.5146663095550377
0.4199999999999998 -0.258849748323672
0.4299999999999998 -0.19833387183261397
0.43999999999999984 -0.13351418630909162
0.44999999999999984 -0.06431906956574363